00100000000010000000000000101100
00100100000010000000000000101100
00100100000010001000000000101100
00001000000000000000000000001100
00100000000001100000000000000001
10101100000001100000001001011000
00000000001000100010100000100100
00000000000000000000000000000000
00000000000000000000000000000000
00000000001000100010100000100101
00000000001000100010100000100110
00000000001000100010100000100111
00100000000001110000000000000100
10101100111001100000001001011000
00000000000000000000000000000010
00000000000000000000000000000011
00000000000000000000000011000000
00000000001000100010100000001000
00100000000010100000000000001000
00100001010000111111111111111000
10001100011000010000001001011000
00100001010001001111111111111100
10001100100000100000001001011000
00000000001000100010100000100000
00000000001000100010100000100001
00000000001000100010100000100010
00000001001000100010100000100011
10101101010001010000001001011000
00100001010010100000000000000100
00010001010010000000000000000001
00010101010010000000000000000001
00011001010010000000000000000001
00011101010010000000000000000001
00001000000000000000000010000010
00000000000000000000000000000000
00000000000000000000000000001101
00000000000000000000000000000000
11111111111111111111111111111111
00000000000000000000000000000001
10000000000000000000000000000000
01010101010101010101010101010101
00000000000000000000000000000000
00000000000000000000000000000000
00000000000000000000000000000000
